5651.jpg 0 0.394444 0.457813 0.509259 0.382292
IMG_7247.jpg 0 0.526339 0.628562 0.569085 0.593264
IMG_7242.jpg 0 0.532168 0.614637 0.572971 0.565415
5612.jpg 0 0.482407 0.459028 0.416667 0.879167
5700.jpg 0 0.550000 0.432292 0.831481 0.675000
5802.jpg 0 0.582589 0.488176 0.359375 0.844595
5889.jpg 0 0.573611 0.401562 0.508333 0.385937
5894.jpg 0 0.526563 0.502083 0.315625 0.491667
GOPR0492_MP4-440_jpg.jpg 1 0.5096354166666667 0.5981481481481481 0.16614583333333333 0.4685185185185185
5608.jpg 0 0.332031 0.454392 0.411830 0.804054
IMG_7152.jpg 0 0.505613 0.574158 0.563040 0.513601
GOPR0492_MP4-394_jpg.jpg 0 0.5161458333333333 0.5814814814814815 0.1875 0.39814814814814814
5690.jpg 0 0.567593 0.376563 0.440741 0.363542
IMG_7229.jpg 0 0.495682 0.600065 0.610535 0.621114
GOPR0492_MP4-325_jpg.jpg 1 0.4705729166666667 0.600462962962963 0.1796875 0.4361111111111111
GOPR0492_MP4-303_jpg.jpg 1 0.47942708333333334 0.6796296296296296 0.24427083333333333 0.4703703703703704
GOPR0492_MP4-244_jpg.jpg 1 0.4669270833333333 0.6222222222222222 0.23385416666666667 0.5740740740740741
GOPR0492_MP4-180_jpg.jpg 0 0.46536458333333336 0.5805555555555556 0.19947916666666668 0.4666666666666667
5844.jpg 0 0.537037 0.510938 0.812963 0.586458
GOPR0492_MP4-22_jpg.jpg 1 0.5072916666666667 0.6268518518518519 0.215625 0.5685185185185185
GOPR0492_MP4-34_jpg.jpg 0 0.4830729166666667 0.5634259259259259 0.1640625 0.41388888888888886
GOPR0492_MP4-169_jpg.jpg 0 0.5005208333333333 0.5685185185185185 0.20104166666666667 0.4388888888888889
GOPR0492_MP4-496_jpg.jpg 0 0.49505208333333334 0.600925925925926 0.1796875 0.37777777777777777
IMG_7106.jpg 0 0.516408 0.574158 0.573402 0.560881
GOPR0492_MP4-49_jpg.jpg 0 0.578125 0.5944444444444444 0.18020833333333333 0.42592592592592593
IMG_7325.jpg 1 0.517487 0.716969 0.528066 0.551813
GOPR0492_MP4-364_jpg.jpg 1 0.46484375 0.5708333333333333 0.2078125 0.41203703703703703
IMG_7343.jpg 1 0.422064 0.635201 0.463299 0.500324
5694.jpg 0 0.479687 0.333333 0.239063 0.586111
IMG_7142.jpg 0 0.458333 0.552137 0.500432 0.534326
IMG_7115.jpg 0 0.611399 0.590350 0.496546 0.549223
5691.jpg 0 0.484028 0.416016 0.551389 0.450781
5620.jpg 0 0.551823 0.305556 0.299479 0.600000
5593.jpg 0 0.591667 0.394271 0.385185 0.330208
IMG_7285.jpg 1 0.473230 0.681509 0.616580 0.636982
5678.jpg 0 0.568750 0.413281 0.443056 0.390625
5631.jpg 0 0.417593 0.394792 0.466667 0.333333
5781.jpg 0 0.555208 0.318056 0.288542 0.632407
GOPR0492_MP4-155_jpg.jpg 1 0.5236979166666667 0.6157407407407407 0.20260416666666667 0.55
5744.jpg 0 0.593519 0.385417 0.381481 0.308333
5782.jpg 0 0.573148 0.462500 0.851852 0.606250
IMG_7120.jpg 0 0.425950 0.552947 0.529793 0.509391
IMG_7328.jpg 1 0.628238 0.738180 0.569085 0.523640
5702.jpg 0 0.418750 0.443728 0.762500 0.692849
IMG_7323.jpg 1 0.489853 0.714540 0.523748 0.570920
GOPR0492_MP4-289_jpg.jpg 0 0.5309895833333333 0.6180555555555556 0.20260416666666667 0.5212962962962963
5666.jpg 0 0.544907 0.530556 0.287963 0.541667
GOPR0492_MP4-358_jpg.jpg 0 0.44140625 0.5986111111111111 0.1953125 0.38981481481481484
GOPR0492_MP4-126_jpg.jpg 0 0.5028645833333333 0.5625 0.1890625 0.4101851851851852
GOPR0492_MP4-100_jpg.jpg 1 0.5684895833333333 0.6347222222222222 0.2390625 0.5472222222222223
GOPR0492_MP4-372_jpg.jpg 0 0.4864583333333333 0.5805555555555556 0.18958333333333333 0.42592592592592593
5893.jpg 0 0.601852 0.387500 0.409259 0.333333
GOPR0492_MP4-480_jpg.jpg 0 0.5528645833333333 0.5652777777777778 0.17552083333333332 0.3638888888888889
GOPR0492_MP4-229_jpg.jpg 1 0.51015625 0.5990740740740741 0.18072916666666666 0.5166666666666667
GOPR0492_MP4-51_jpg.jpg 0 0.4354166666666667 0.5740740740740741 0.17604166666666668 0.43148148148148147
5807.jpg 0 0.555556 0.354167 0.479630 0.406250
5896.jpg 0 0.565365 0.321759 0.313021 0.639815
GOPR0492_MP4-128_jpg.jpg 1 0.47109375 0.5893518518518519 0.1796875 0.5398148148148149
GOPR0492_MP4-220_jpg.jpg 1 0.5052083333333334 0.5805555555555556 0.16458333333333333 0.43333333333333335
5718.jpg 0 0.434028 0.426172 0.687500 0.547656
5684.jpg 1 0.487500 0.353472 0.242188 0.604167
5696.jpg 0 0.485185 0.462500 0.396296 0.861111
GOPR0492_MP4-443_jpg.jpg 1 0.47421875 0.6125 0.1890625 0.49907407407407406
GOPR0492_MP4-241_jpg.jpg 1 0.5861979166666667 0.6481481481481481 0.23802083333333332 0.5425925925925926
5611.jpg 0 0.344444 0.475000 0.542593 0.404167
GOPR0492_MP4-369_jpg.jpg 0 0.47161458333333334 0.5657407407407408 0.1609375 0.40185185185185185
GOPR0492_MP4-227_jpg.jpg 1 0.5125 0.5939814814814814 0.17395833333333333 0.475
GOPR0492_MP4-407_jpg.jpg 0 0.47317708333333336 0.5856481481481481 0.2046875 0.41944444444444445
IMG_7204.jpg 0 0.467185 0.583711 0.545769 0.565091
5867.jpg 0 0.486328 0.340278 0.250781 0.600000
GOPR0492_MP4-352_jpg.jpg 0 0.4635416666666667 0.5800925925925926 0.20104166666666667 0.3731481481481482
IMG_7310.jpg 1 0.431995 0.722636 0.608377 0.554728
IMG_7316.jpg 1 0.590026 0.718264 0.602332 0.563472
5876.jpg 0 0.432031 0.404167 0.276562 0.508333
GOPR0492_MP4-10_jpg.jpg 0 0.5661458333333333 0.36944444444444446 0.284375 0.6833333333333333
GOPR0492_MP4-149_jpg.jpg 1 0.48411458333333335 0.5851851851851851 0.1703125 0.45740740740740743
GOPR0492_MP4-46_jpg.jpg 0 0.49895833333333334 0.5736111111111111 0.16875 0.4305555555555556
IMG_7303.jpg 1 0.476252 0.715350 0.531952 0.569301
GOPR0492_MP4-323_jpg.jpg 1 0.46458333333333335 0.6018518518518519 0.18020833333333333 0.4166666666666667
IMG_7196.jpg 0 0.532168 0.613828 0.537565 0.499028
5855.jpg 0 0.570833 0.319444 0.302083 0.629630
GOPR0492_MP4-413_jpg.jpg 0 0.4510416666666667 0.586574074074074 0.20833333333333334 0.4046296296296296
5745.jpg 0 0.519907 0.533333 0.287963 0.511111
GOPR0492_MP4-300_jpg.jpg 1 0.39348958333333334 0.6476851851851851 0.24947916666666667 0.5324074074074074
5816.jpg 0 0.464815 0.443750 0.835185 0.652083
5768.jpg 0 0.478472 0.414062 0.620833 0.476562
IMG_7289.jpg 1 0.494819 0.687338 0.584629 0.625324
5730.jpg 0 0.518973 0.434122 0.375000 0.810811
GOPR0492_MP4-226_jpg.jpg 1 0.5140625 0.5847222222222223 0.16770833333333332 0.46574074074074073
IMG_7179.jpg 0 0.498705 0.585330 0.490501 0.488666
GOPR0492_MP4-283_jpg.jpg 1 0.525 0.5958333333333333 0.19375 0.4824074074074074
IMG_7145.jpg 0 0.509499 0.573510 0.578584 0.535622
5618.jpg 0 0.463889 0.424479 0.807407 0.701042
5851.jpg 1 0.522685 0.566667 0.258333 0.511111
GOPR0492_MP4-172_jpg.jpg 0 0.4973958333333333 0.5712962962962963 0.17604166666666668 0.42962962962962964
5740.jpg 0 0.483594 0.324306 0.262500 0.604167
IMG_7098.jpg 0 0.518351 0.544041 0.529793 0.527202
5794.jpg 0 0.548148 0.436979 0.424074 0.307292
GOPR0492_MP4-58_jpg.jpg 1 0.49713541666666666 0.6361111111111111 0.22239583333333332 0.5648148148148148
GOPR0492_MP4-204_jpg.jpg 0 0.43046875 0.5685185185185185 0.17239583333333333 0.42407407407407405
IMG_7129.jpg 0 0.452504 0.631477 0.539724 0.540155
IMG_7219.jpg 0 0.512306 0.589540 0.572971 0.585816
5795.jpg 0 0.512835 0.593750 0.349330 0.812500
5667.jpg 0 0.373148 0.449479 0.540741 0.367708
GOPR0492_MP4-176_jpg.jpg 0 0.4627604166666667 0.5736111111111111 0.20052083333333334 0.44166666666666665
IMG_7125.jpg 0 0.509499 0.618361 0.539724 0.546308
IMG_7132.jpg 0 0.468264 0.522668 0.555699 0.534326
5792.jpg 0 0.603241 0.455729 0.793519 0.607292
IMG_7148.jpg 0 0.479059 0.566710 0.553109 0.507772
IMG_7210.jpg 0 0.454447 0.568977 0.559154 0.615285
GOPR0492_MP4-198_jpg.jpg 0 0.4791666666666667 0.5814814814814815 0.19583333333333333 0.4537037037037037
IMG_7114.jpg 0 0.599741 0.599093 0.508636 0.560881
IMG_7104.jpg 0 0.503670 0.569624 0.543610 0.566710
5815.jpg 0 0.494531 0.331250 0.260937 0.623611
5591.jpg 0 0.503241 0.580556 0.273148 0.500000
IMG_7096.jpg 0 0.567358 0.549870 0.533679 0.529793
GOPR0492_MP4-448_jpg.jpg 1 0.48723958333333334 0.5717592592592593 0.1765625 0.43796296296296294
GOPR0492_MP4-143_jpg.jpg 0 0.46848958333333335 0.5787037037037037 0.19010416666666666 0.3962962962962963
GOPR0492_MP4-302_jpg.jpg 1 0.4778645833333333 0.6800925925925926 0.24322916666666666 0.5268518518518519
IMG_7295.jpg 1 0.525259 0.704339 0.629965 0.591321
GOPR0492_MP4-235_jpg.jpg 1 0.559375 0.6569444444444444 0.24791666666666667 0.5212962962962963
IMG_7128.jpg 0 0.488990 0.624190 0.498705 0.525583
GOPR0492_MP4-492_jpg.jpg 0 0.5044270833333333 0.5898148148148148 0.1828125 0.4074074074074074
IMG_7362.jpg 1 0.460276 0.673575 0.488774 0.479922
IMG_7307.jpg 1 0.543826 0.706444 0.592832 0.587111
GOPR0492_MP4-94_jpg.jpg 0 0.4981770833333333 0.5907407407407408 0.16822916666666668 0.4166666666666667
GOPR0492_MP4-72_jpg.jpg 1 0.4703125 0.5800925925925926 0.17604166666666668 0.43796296296296294
GOPR0492_MP4-404_jpg.jpg 1 0.4765625 0.6055555555555555 0.17604166666666668 0.5092592592592593
GOPR0492_MP4-433_jpg.jpg 0 0.48072916666666665 0.5824074074074074 0.20416666666666666 0.412962962962963
GOPR0492_MP4-278_jpg.jpg 1 0.50546875 0.5930555555555556 0.18072916666666666 0.4638888888888889
5661.jpg 0 0.606481 0.382812 0.392593 0.317708
5897.jpg 0 0.581250 0.327083 0.278125 0.425000
5688.jpg 0 0.518981 0.506250 0.265741 0.531944
IMG_7097.jpg 0 0.547712 0.554404 0.514249 0.538860
GOPR0492_MP4-29_jpg.jpg 1 0.6377604166666667 0.6916666666666667 0.27447916666666666 0.5092592592592593
GOPR0492_MP4-328_jpg.jpg 0 0.44973958333333336 0.6032407407407407 0.18489583333333334 0.43425925925925923
5755.jpg 0 0.573661 0.487331 0.408482 0.836149
IMG_7361.jpg 1 0.533031 0.681671 0.488342 0.543394
GOPR0492_MP4-73_jpg.jpg 0 0.5104166666666666 0.5643518518518519 0.16458333333333333 0.4027777777777778
IMG_7332.jpg 1 0.531952 0.722636 0.533679 0.554728
IMG_7175.jpg 0 0.536054 0.595531 0.486615 0.491580
IMG_7095.jpg 0 0.566494 0.541127 0.516408 0.523964
IMG_7190.jpg 0 0.520294 0.589702 0.482729 0.506477
IMG_7137.jpg 0 0.462435 0.538860 0.551813 0.537565
GOPR0492_MP4-488_jpg.jpg 0 0.5361979166666667 0.5856481481481481 0.1796875 0.3712962962962963
GOPR0492_MP4-19_jpg.jpg 0 0.4942708333333333 0.5680555555555555 0.16979166666666667 0.4361111111111111
GOPR0492_MP4-33_jpg.jpg 0 0.4778645833333333 0.5662037037037037 0.16614583333333333 0.4324074074074074
GOPR0492_MP4-30_jpg.jpg 1 0.5796875 0.6305555555555555 0.23541666666666666 0.5444444444444444
5862.jpg 1 0.380469 0.460417 0.260937 0.408333
IMG_7354.jpg 1 0.445812 0.636010 0.478843 0.516839
GOPR0492_MP4-338_jpg.jpg 0 0.5583333333333333 0.586574074074074 0.18645833333333334 0.41759259259259257
5685.jpg 0 0.548148 0.490625 0.853704 0.710417
GOPR0492_MP4-59_jpg.jpg 1 0.45989583333333334 0.625462962962963 0.23020833333333332 0.5601851851851852
GOPR0492_MP4-469_jpg.jpg 0 0.42109375 0.5425925925925926 0.15989583333333332 0.3888888888888889
IMG_7173.jpg 0 0.526123 0.599255 0.529793 0.510687
GOPR0492_MP4-288_jpg.jpg 1 0.5260416666666666 0.6259259259259259 0.19583333333333333 0.5333333333333333
GOPR0492_MP4-481_jpg.jpg 0 0.5325520833333334 0.5532407407407407 0.17864583333333334 0.3638888888888889
GOPR0492_MP4-40_jpg.jpg 0 0.5072916666666667 0.5662037037037037 0.16875 0.41944444444444445
GOPR0492_MP4-485_jpg.jpg 0 0.4981770833333333 0.5685185185185185 0.17760416666666667 0.3907407407407407
IMG_7318.jpg 1 0.582254 0.725712 0.586788 0.548575
5680.jpg 0 0.484375 0.348611 0.242188 0.586111
IMG_7085.jpg 0 0.418178 0.542584 0.620466 0.644754
5675.jpg 0 0.580556 0.382292 0.429630 0.352083
GOPR0492_MP4-252_jpg.jpg 1 0.49244791666666665 0.6129629629629629 0.1859375 0.5407407407407407
IMG_7338.jpg 1 0.492876 0.605732 0.490933 0.515220
GOPR0492_MP4-477_jpg.jpg 0 0.53828125 0.5819444444444445 0.1640625 0.44351851851851853
GOPR0492_MP4-461_jpg.jpg 0 0.48489583333333336 0.5703703703703704 0.2 0.3851851851851852
5754.jpg 0 0.506019 0.543750 0.254630 0.504167
5650.jpg 0 0.551042 0.319444 0.320833 0.637037
GOPR0492_MP4-428_jpg.jpg 0 0.5104166666666666 0.5837962962962963 0.16770833333333332 0.4083333333333333
GOPR0492_MP4-294_jpg.jpg 1 0.5111979166666667 0.6231481481481481 0.19322916666666667 0.5370370370370371
IMG_7360.jpg 1 0.474093 0.683938 0.496546 0.497409
5769.jpg 0 0.379630 0.456250 0.524074 0.402083
5717.jpg 0 0.511111 0.316667 0.716667 0.500000
GOPR0492_MP4-208_jpg.jpg 0 0.4752604166666667 0.5486111111111112 0.16197916666666667 0.4083333333333333
GOPR0492_MP4-299_jpg.jpg 1 0.4583333333333333 0.6282407407407408 0.21979166666666666 0.5564814814814815
GOPR0492_MP4-459_jpg.jpg 0 0.446875 0.5842592592592593 0.17291666666666666 0.39444444444444443
5821.jpg 0 0.597222 0.394792 0.392593 0.331250
GOPR0492_MP4-401_jpg.jpg 1 0.47421875 0.6074074074074074 0.17447916666666666 0.4981481481481482
GOPR0492_MP4-103_jpg.jpg 1 0.7010416666666667 0.6708333333333333 0.28229166666666666 0.5657407407407408
IMG_7239.jpg 0 0.512522 0.616095 0.596718 0.585816
GOPR0492_MP4-101_jpg.jpg 1 0.659375 0.6606481481481481 0.26458333333333334 0.5472222222222223
5689.jpg 0 0.491016 0.340278 0.246094 0.616667
GOPR0492_MP4-66_jpg.jpg 1 0.4197916666666667 0.6148148148148148 0.17916666666666667 0.37777777777777777
GOPR0492_MP4-468_jpg.jpg 0 0.42526041666666664 0.55 0.15677083333333333 0.40185185185185185
GOPR0492_MP4-115_jpg.jpg 1 0.46953125 0.5925925925925926 0.18385416666666668 0.5111111111111111
GOPR0492_MP4-82_jpg.jpg 1 0.3651041666666667 0.6106481481481482 0.21770833333333334 0.5601851851851852
5637.jpg 0 0.493750 0.237500 0.237500 0.429167
5725.jpg 0 0.357143 0.461149 0.390625 0.804054
5813.jpg 0 0.565625 0.308796 0.308333 0.602778
GOPR0492_MP4-116_jpg.jpg 1 0.48098958333333336 0.5995370370370371 0.1921875 0.5231481481481481
5621.jpg 0 0.386111 0.455729 0.529630 0.384375
IMG_7139.jpg 0 0.482081 0.544689 0.528066 0.540155
5614.jpg 0 0.411111 0.440625 0.468519 0.385417
5739.jpg 0 0.512963 0.305208 0.668519 0.447917
5820.jpg 0 0.392299 0.465372 0.376116 0.785473
5809.jpg 0 0.373148 0.464062 0.533333 0.392708
IMG_7108.jpg 0 0.471071 0.552137 0.553541 0.525259
5785.jpg 0 0.598772 0.548986 0.329241 0.716216
GOPR0492_MP4-363_jpg.jpg 0 0.45989583333333334 0.5675925925925925 0.2 0.4111111111111111
GOPR0492_MP4-447_jpg.jpg 1 0.4856770833333333 0.5925925925925926 0.18072916666666666 0.4666666666666667
GOPR0492_MP4-222_jpg.jpg 0 0.49296875 0.575925925925926 0.16614583333333333 0.4166666666666667
GOPR0492_MP4-451_jpg.jpg 0 0.5044270833333333 0.549074074074074 0.17447916666666666 0.39444444444444443
IMG_7228.jpg 0 0.510579 0.586626 0.557427 0.618199
IMG_7284.jpg 1 0.519214 0.690253 0.602332 0.619495
GOPR0492_MP4-55_jpg.jpg 1 0.51640625 0.5828703703703704 0.1765625 0.4898148148148148
GOPR0492_MP4-125_jpg.jpg 0 0.4947916666666667 0.5615740740740741 0.18541666666666667 0.41203703703703703
5634.jpg 0 0.417969 0.397917 0.301563 0.458333
IMG_7178.jpg 0 0.520294 0.592617 0.502591 0.491580
5834.jpg 0 0.572917 0.409375 0.423611 0.325000
IMG_7213.jpg 0 0.476252 0.585978 0.567358 0.592940
GOPR0492_MP4-210_jpg.jpg 0 0.4953125 0.5578703703703703 0.16354166666666667 0.4361111111111111
5662.jpg 0 0.513889 0.308333 0.729630 0.443750
IMG_7286.jpg 1 0.454447 0.682157 0.602332 0.635687
5738.jpg 0 0.385185 0.450000 0.524074 0.391667
5883.jpg 0 0.554630 0.479167 0.800000 0.612500
IMG_7226.jpg 0 0.515328 0.591159 0.559154 0.597474
IMG_7092.jpg 0 0.519214 0.544689 0.586788 0.540155
5829.jpg 0 0.491797 0.334722 0.255469 0.605556
IMG_7186.jpg 0 0.309370 0.644916 0.535838 0.531412
GOPR0492_MP4-318_jpg.jpg 1 0.48203125 0.6046296296296296 0.17135416666666667 0.40185185185185185
5752.jpg 0 0.488281 0.335417 0.240625 0.620833
IMG_7246.jpg 0 0.505613 0.607999 0.602763 0.569624
IMG_7282.jpg 1 0.545984 0.684424 0.643782 0.631153
IMG_7241.jpg 0 0.486831 0.625000 0.580743 0.571244
5798.jpg 0 0.486574 0.459028 0.384259 0.873611
GOPR0492_MP4-102_jpg.jpg 1 0.6677083333333333 0.6694444444444444 0.2677083333333333 0.5833333333333334
IMG_7331.jpg 1 0.627375 0.734456 0.590674 0.531088
IMG_7161.jpg 0 0.563472 0.588083 0.541451 0.562176
IMG_7136.jpg 0 0.476252 0.543232 0.512090 0.537241
GOPR0492_MP4-311_jpg.jpg 1 0.5713541666666667 0.6162037037037037 0.16770833333333332 0.36944444444444446
GOPR0492_MP4-160_jpg.jpg 1 0.48854166666666665 0.6083333333333333 0.215625 0.5481481481481482
GOPR0492_MP4-275_jpg.jpg 1 0.46927083333333336 0.6060185185185185 0.17395833333333333 0.4861111111111111
GOPR0492_MP4-292_jpg.jpg 1 0.5109375 0.6129629629629629 0.184375 0.5185185185185185
IMG_7089.jpg 0 0.404361 0.544041 0.592832 0.609456
5670.jpg 0 0.479297 0.341667 0.244531 0.605556
GOPR0492_MP4-473_jpg.jpg 0 0.4739583333333333 0.6217592592592592 0.17083333333333334 0.3675925925925926
IMG_7298.jpg 1 0.488774 0.700130 0.569085 0.562176
GOPR0492_MP4-86_jpg.jpg 0 0.4625 0.5634259259259259 0.175 0.42685185185185187
GOPR0492_MP4-56_jpg.jpg 1 0.5096354166666667 0.6162037037037037 0.2078125 0.5787037037037037
GOPR0492_MP4-41_jpg.jpg 0 0.5330729166666667 0.5777777777777777 0.17135416666666667 0.43333333333333335
GOPR0492_MP4-174_jpg.jpg 0 0.47552083333333334 0.5856481481481481 0.21458333333333332 0.44537037037037036
GOPR0492_MP4-385_jpg.jpg 0 0.4864583333333333 0.5939814814814814 0.16770833333333332 0.4527777777777778
5598.jpg 0 0.401852 0.444792 0.505556 0.364583
5778.jpg 0 0.363281 0.440625 0.248438 0.410417
GOPR0492_MP4-371_jpg.jpg 0 0.4703125 0.5782407407407407 0.16875 0.41759259259259257
5604.jpg 0 0.456250 0.403125 0.587500 0.481250
5615.jpg 0 0.521296 0.429167 0.774074 0.664583
5747.jpg 0 0.373148 0.454167 0.533333 0.404167
5592.jpg 0 0.492969 0.329861 0.242188 0.609722
GOPR0492_MP4-106_jpg.jpg 0 0.5846354166666666 0.5944444444444444 0.22447916666666667 0.5370370370370371
GOPR0492_MP4-383_jpg.jpg 0 0.48046875 0.5763888888888888 0.1640625 0.4212962962962963
GOPR0492_MP4-50_jpg.jpg 0 0.4942708333333333 0.5740740740740741 0.16979166666666667 0.43148148148148147
5784.jpg 1 0.516204 0.497222 0.391667 0.819444
IMG_7203.jpg 0 0.467401 0.583711 0.549655 0.565091
IMG_7214.jpg 0 0.506693 0.592617 0.565199 0.577073
GOPR0492_MP4-342_jpg.jpg 0 0.46953125 0.5694444444444444 0.19114583333333332 0.43703703703703706
IMG_7159.jpg 0 0.499568 0.590997 0.590674 0.550518
GOPR0492_MP4-186_jpg.jpg 0 0.5033854166666667 0.575462962962963 0.1765625 0.43796296296296294
GOPR0492_MP4-415_jpg.jpg 1 0.4510416666666667 0.5763888888888888 0.196875 0.4027777777777778
5639.jpg 0 0.526563 0.255208 0.228125 0.410417
5801.jpg 0 0.575926 0.376042 0.468519 0.356250
GOPR0492_MP4-79_jpg.jpg 0 0.6359375 0.6527777777777778 0.23645833333333333 0.5333333333333333
GOPR0492_MP4-42_jpg.jpg 0 0.53515625 0.5819444444444445 0.17552083333333332 0.4361111111111111
GOPR0492_MP4-495_jpg.jpg 1 0.47265625 0.5935185185185186 0.1703125 0.3962962962962963
5679.jpg 0 0.464583 0.413672 0.598611 0.497656
GOPR0492_MP4-93_jpg.jpg 0 0.48411458333333335 0.5745370370370371 0.1703125 0.4212962962962963
GOPR0492_MP4-213_jpg.jpg 0 0.48203125 0.5648148148148148 0.1703125 0.45925925925925926
GOPR0492_MP4-141_jpg.jpg 0 0.47213541666666664 0.5745370370370371 0.1890625 0.41574074074074074
5750.jpg 0 0.510185 0.411979 0.911111 0.769792
IMG_7320.jpg 1 0.477979 0.713892 0.539724 0.572215
GOPR0492_MP4-182_jpg.jpg 0 0.46015625 0.5685185185185185 0.19010416666666666 0.4351851851851852
IMG_7347.jpg 1 0.459413 0.633096 0.487047 0.511010
IMG_7290.jpg 1 0.510363 0.688795 0.569085 0.622409
GOPR0492_MP4-474_jpg.jpg 0 0.4861979166666667 0.6175925925925926 0.1703125 0.3685185185185185
GOPR0492_MP4-92_jpg.jpg 0 0.4640625 0.5851851851851851 0.18854166666666666 0.412962962962963
5822.jpg 0 0.461111 0.476562 0.772222 0.609375
GOPR0492_MP4-139_jpg.jpg 0 0.44557291666666665 0.5583333333333333 0.1578125 0.38333333333333336
5858.jpg 0 0.517299 0.503378 0.398438 0.844595
IMG_7317.jpg 1 0.600820 0.722636 0.623921 0.554728
GOPR0492_MP4-297_jpg.jpg 1 0.5098958333333333 0.625 0.19583333333333333 0.5611111111111111
GOPR0492_MP4-28_jpg.jpg 1 0.6380208333333334 0.6856481481481481 0.2875 0.5046296296296297
GOPR0492_MP4-333_jpg.jpg 0 0.5104166666666666 0.5921296296296297 0.1875 0.44537037037037036
5873.jpg 0 0.583333 0.403125 0.469444 0.398438
GOPR0492_MP4-282_jpg.jpg 1 0.5190104166666667 0.6 0.18802083333333333 0.49074074074074076
GOPR0492_MP4-351_jpg.jpg 0 0.4401041666666667 0.5731481481481482 0.215625 0.4185185185185185
GOPR0492_MP4-215_jpg.jpg 0 0.52734375 0.5578703703703703 0.16510416666666666 0.3972222222222222
GOPR0492_MP4-376_jpg.jpg 0 0.4796875 0.5828703703703704 0.17395833333333333 0.43425925925925923
IMG_7302.jpg 1 0.496546 0.718426 0.561313 0.554728
IMG_7076.jpg 0 0.471071 0.505829 0.604491 0.700777
5628.jpg 0 0.574074 0.384896 0.457407 0.361458
IMG_7138.jpg 0 0.490933 0.542584 0.518135 0.541775
GOPR0492_MP4-353_jpg.jpg 0 0.44609375 0.575 0.20260416666666667 0.37407407407407406
GOPR0492_MP4-95_jpg.jpg 0 0.5080729166666667 0.5861111111111111 0.1671875 0.43148148148148147
5898.jpg 0 0.400781 0.404167 0.260937 0.475000
GOPR0492_MP4-456_jpg.jpg 0 0.5127604166666667 0.5893518518518519 0.16927083333333334 0.39537037037037037
GOPR0492_MP4-185_jpg.jpg 0 0.48385416666666664 0.5615740740740741 0.17395833333333333 0.41574074074074074
GOPR0492_MP4-356_jpg.jpg 0 0.4401041666666667 0.5828703703703704 0.196875 0.3731481481481482
5596.jpg 0 0.489453 0.329167 0.230469 0.597222
IMG_7093.jpg 0 0.500648 0.537403 0.620466 0.543070
GOPR0492_MP4-463_jpg.jpg 0 0.5057291666666667 0.5768518518518518 0.16666666666666666 0.3907407407407407
IMG_7090.jpg 0 0.393566 0.546956 0.579016 0.632772
GOPR0492_MP4-195_jpg.jpg 1 0.48489583333333336 0.6328703703703704 0.20520833333333333 0.5583333333333333
5713.jpg 0 0.448148 0.481771 0.827778 0.669792
IMG_7170.jpg 0 0.508636 0.596988 0.510363 0.509391
5709.jpg 0 0.492593 0.478125 0.842593 0.683333
5711.jpg 0 0.526302 0.312037 0.331771 0.609259
IMG_7327.jpg 1 0.593912 0.724903 0.566926 0.550194
5619.jpg 0 0.498148 0.543750 0.251852 0.479167
5707.jpg 0 0.470139 0.405469 0.634722 0.498437
5864.jpg 0 0.557292 0.322222 0.321875 0.637037
GOPR0492_MP4-197_jpg.jpg 0 0.4471354166666667 0.5972222222222222 0.21302083333333333 0.5333333333333333
5733.jpg 0 0.403704 0.382812 0.790741 0.584375
GOPR0492_MP4-437_jpg.jpg 0 0.5005208333333333 0.5717592592592593 0.19791666666666666 0.38796296296296295
IMG_7345.jpg 1 0.552677 0.614799 0.496546 0.515220
IMG_7309.jpg 1 0.468264 0.716807 0.543610 0.566386
GOPR0492_MP4-286_jpg.jpg 1 0.540625 0.6129629629629629 0.20416666666666666 0.5185185185185185
5630.jpg 0 0.501852 0.333333 0.457407 0.391667
GOPR0492_MP4-419_jpg.jpg 1 0.47552083333333334 0.5898148148148148 0.16458333333333333 0.4703703703703704
GOPR0492_MP4-239_jpg.jpg 1 0.63125 0.6782407407407407 0.25833333333333336 0.5009259259259259
IMG_7333.jpg 1 0.470207 0.715997 0.547496 0.568005
GOPR0492_MP4-476_jpg.jpg 0 0.5338541666666666 0.5875 0.18541666666666667 0.4305555555555556
GOPR0492_MP4-484_jpg.jpg 0 0.48203125 0.5537037037037037 0.17239583333333333 0.3888888888888889
5697.jpg 0 0.539815 0.428646 0.870370 0.690625
GOPR0492_MP4-410_jpg.jpg 0 0.45729166666666665 0.575462962962963 0.18125 0.4101851851851852
5701.jpg 0 0.495312 0.335417 0.254688 0.629167
5602.jpg 0 0.521296 0.476042 0.829630 0.675000
GOPR0492_MP4-53_jpg.jpg 0 0.45026041666666666 0.5736111111111111 0.17760416666666667 0.4564814814814815
5765.jpg 0 0.495312 0.337500 0.248438 0.586111
5849.jpg 1 0.538889 0.522222 0.275926 0.558333
GOPR0492_MP4-312_jpg.jpg 1 0.51328125 0.5995370370370371 0.17135416666666667 0.3712962962962963
GOPR0492_MP4-388_jpg.jpg 0 0.48463541666666665 0.5981481481481481 0.1734375 0.4888888888888889
IMG_7248.jpg 0 0.501727 0.629372 0.563040 0.589054
GOPR0492_MP4-43_jpg.jpg 0 0.496875 0.5652777777777778 0.16354166666666667 0.4361111111111111
IMG_7153.jpg 0 0.521373 0.582254 0.579016 0.541451
IMG_7291.jpg 1 0.553541 0.700615 0.620035 0.598769
GOPR0492_MP4-26_jpg.jpg 1 0.5130208333333334 0.6277777777777778 0.23541666666666666 0.5796296296296296
GOPR0492_MP4-366_jpg.jpg 1 0.4578125 0.5800925925925926 0.20625 0.4083333333333333
IMG_7250.jpg 0 0.519214 0.630829 0.563472 0.597798
IMG_7209.jpg 0 0.473230 0.563148 0.581174 0.615285
GOPR0492_MP4-232_jpg.jpg 1 0.5505208333333333 0.6712962962962963 0.24791666666666667 0.5148148148148148
GOPR0492_MP4-421_jpg.jpg 1 0.45 0.586574074074074 0.17083333333333334 0.4935185185185185
GOPR0492_MP4-334_jpg.jpg 0 0.5763020833333333 0.6106481481481482 0.1953125 0.4527777777777778
5828.jpg 0 0.507812 0.467061 0.368304 0.785473
GOPR0492_MP4-161_jpg.jpg 1 0.49296875 0.6027777777777777 0.20260416666666667 0.5370370370370371
GOPR0492_MP4-98_jpg.jpg 1 0.46015625 0.5833333333333334 0.17552083333333332 0.4666666666666667
IMG_7183.jpg 0 0.523100 0.598446 0.543610 0.503238
IMG_7221.jpg 0 0.511442 0.579339 0.591105 0.600389
GOPR0492_MP4-124_jpg.jpg 0 0.47708333333333336 0.5597222222222222 0.18020833333333333 0.41759259259259257
GOPR0492_MP4-255_jpg.jpg 1 0.49765625 0.600925925925926 0.17552083333333332 0.47962962962962963
GOPR0492_MP4-52_jpg.jpg 0 0.3984375 0.5925925925925926 0.18541666666666667 0.4222222222222222
IMG_7352.jpg 1 0.487910 0.626457 0.519862 0.521049
GOPR0492_MP4-257_jpg.jpg 1 0.496875 0.6074074074074074 0.17395833333333333 0.5055555555555555
IMG_7157.jpg 0 0.470207 0.591969 0.547496 0.534326
5599.jpg 0 0.565741 0.391146 0.433333 0.338542
IMG_7293.jpg 1 0.563472 0.704339 0.624352 0.591321
GOPR0492_MP4-191_jpg.jpg 1 0.50703125 0.6138888888888889 0.18697916666666667 0.5518518518518518
5625.jpg 0 0.340741 0.452083 0.553704 0.383333
GOPR0492_MP4-465_jpg.jpg 0 0.48828125 0.6171296296296296 0.15989583333333332 0.4101851851851852
5791.jpg 0 0.478704 0.484896 0.796296 0.601042
GOPR0492_MP4-321_jpg.jpg 1 0.46927083333333336 0.6050925925925926 0.17083333333333334 0.3990740740740741
GOPR0492_MP4-83_jpg.jpg 0 0.43723958333333335 0.5791666666666667 0.18802083333333333 0.49537037037037035
IMG_7349.jpg 1 0.523316 0.623543 0.516408 0.526878
GOPR0492_MP4-231_jpg.jpg 1 0.5307291666666667 0.6699074074074074 0.24166666666666667 0.5120370370370371
IMG_7232.jpg 0 0.506477 0.605084 0.588946 0.590350
5600.jpg 0 0.510185 0.304167 0.703704 0.443750
IMG_7334.jpg 1 0.355570 0.728627 0.616149 0.542746
GOPR0492_MP4-355_jpg.jpg 0 0.44192708333333336 0.586574074074074 0.1953125 0.38425925925925924
GOPR0492_MP4-424_jpg.jpg 1 0.4747395833333333 0.5800925925925926 0.1890625 0.42685185185185187
5674.jpg 0 0.435185 0.382812 0.779630 0.557292
GOPR0492_MP4-167_jpg.jpg 0 0.4752604166666667 0.5703703703703704 0.17864583333333334 0.48333333333333334
IMG_7301.jpg 1 0.440846 0.704501 0.610535 0.547604
5879.jpg 0 0.409375 0.396875 0.284375 0.460417
IMG_7116.jpg 0 0.598877 0.568977 0.561313 0.538860
GOPR0492_MP4-284_jpg.jpg 1 0.5302083333333333 0.6037037037037037 0.19375 0.5037037037037037
IMG_7133.jpg 0 0.478195 0.530764 0.528066 0.527202
IMG_7167.jpg 0 0.516408 0.605732 0.588946 0.553433
5676.jpg 0 0.477344 0.341667 0.245312 0.602778
5735.jpg 0 0.598148 0.393229 0.383333 0.338542
5698.jpg 0 0.544444 0.432292 0.390741 0.268750
GOPR0492_MP4-348_jpg.jpg 0 0.4244791666666667 0.5953703703703703 0.18541666666666667 0.4962962962962963
GOPR0492_MP4-14_jpg.jpg 0 0.5049479166666667 0.48194444444444445 0.19635416666666666 0.5046296296296297
GOPR0492_MP4-221_jpg.jpg 0 0.48880208333333336 0.5782407407407407 0.17135416666666667 0.4287037037037037
5687.jpg 0 0.551302 0.310648 0.260937 0.617593
IMG_7315.jpg 1 0.523100 0.717617 0.579016 0.564767
GOPR0492_MP4-400_jpg.jpg 1 0.48489583333333336 0.6013888888888889 0.16458333333333333 0.47685185185185186
GOPR0492_MP4-423_jpg.jpg 0 0.45208333333333334 0.5861111111111111 0.178125 0.45555555555555555
IMG_7200.jpg 0 0.552677 0.616095 0.512090 0.497733
IMG_7130.jpg 0 0.473014 0.633096 0.522021 0.549223
5874.jpg 0 0.489063 0.329167 0.253125 0.597222
5682.jpg 0 0.515278 0.472917 0.421296 0.840278
IMG_7216.jpg 0 0.507556 0.603627 0.563472 0.572539
GOPR0492_MP4-370_jpg.jpg 0 0.4703125 0.5731481481481482 0.16041666666666668 0.4148148148148148
IMG_7227.jpg 0 0.494819 0.588892 0.588946 0.607837
GOPR0492_MP4-13_jpg.jpg 0 0.5299479166666666 0.4722222222222222 0.25052083333333336 0.6537037037037037
5746.jpg 0 0.573148 0.439583 0.381481 0.277083
GOPR0492_MP4-487_jpg.jpg 0 0.5291666666666667 0.5884259259259259 0.18125 0.38981481481481484
GOPR0492_MP4-254_jpg.jpg 0 0.4942708333333333 0.5907407407407408 0.17395833333333333 0.45
GOPR0492_MP4-346_jpg.jpg 0 0.4908854166666667 0.5875 0.2046875 0.41203703703703703
5603.jpg 0 0.473438 0.452083 0.268750 0.433333
IMG_7172.jpg 0 0.516192 0.604275 0.522021 0.506477
IMG_7150.jpg 0 0.493739 0.577882 0.559154 0.521049
IMG_7100.jpg 0 0.545769 0.559585 0.627807 0.572539
IMG_7156.jpg 0 0.466321 0.582416 0.563040 0.515220
GOPR0492_MP4-262_jpg.jpg 1 0.4981770833333333 0.6013888888888889 0.18802083333333333 0.47685185185185186
IMG_7319.jpg 1 0.510579 0.721179 0.549655 0.557642
GOPR0492_MP4-314_jpg.jpg 1 0.4828125 0.6027777777777777 0.17916666666666667 0.36666666666666664
GOPR0492_MP4-434_jpg.jpg 0 0.50078125 0.5666666666666667 0.20677083333333332 0.3925925925925926
5654.jpg 0 0.463542 0.256155 0.656250 0.502931
GOPR0492_MP4-453_jpg.jpg 0 0.5223958333333333 0.5546296296296296 0.15729166666666666 0.37592592592592594
IMG_7358.jpg 1 0.518135 0.658031 0.474957 0.484456
IMG_7189.jpg 0 0.526339 0.599093 0.561313 0.507772
IMG_7300.jpg 1 0.459413 0.711140 0.604491 0.540155
5800.jpg 0 0.418519 0.440104 0.501852 0.357292
IMG_7193.jpg 0 0.587003 0.638925 0.534111 0.522668
5653.jpg 0 0.518973 0.485642 0.354911 0.724662
5658.jpg 0 0.400000 0.451562 0.527778 0.386458
GOPR0492_MP4-375_jpg.jpg 0 0.4942708333333333 0.5828703703703704 0.18854166666666666 0.43425925925925923
5826.jpg 0 0.597222 0.282813 0.722222 0.471875
GOPR0492_MP4-234_jpg.jpg 1 0.5106770833333333 0.6546296296296297 0.22239583333333332 0.5222222222222223
IMG_7336.jpg 1 0.460276 0.581606 0.504318 0.522668
GOPR0492_MP4-379_jpg.jpg 0 0.46822916666666664 0.575462962962963 0.18645833333333334 0.4324074074074074
GOPR0492_MP4-281_jpg.jpg 1 0.5166666666666667 0.5953703703703703 0.18541666666666667 0.4777777777777778
GOPR0492_MP4-267_jpg.jpg 0 0.5106770833333333 0.5861111111111111 0.1703125 0.45925925925925926
IMG_7188.jpg 0 0.544905 0.599093 0.524180 0.501943
5806.jpg 0 0.402778 0.454688 0.559259 0.403125
IMG_7335.jpg 1 0.310233 0.732999 0.600604 0.534003
IMG_7103.jpg 0 0.499568 0.561690 0.555268 0.606541
GOPR0492_MP4-444_jpg.jpg 1 0.47291666666666665 0.6171296296296296 0.1875 0.5083333333333333
GOPR0492_MP4-324_jpg.jpg 1 0.47369791666666666 0.5986111111111111 0.18385416666666668 0.4361111111111111
5812.jpg 0 0.557407 0.463542 0.853704 0.622917
IMG_7107.jpg 0 0.505613 0.563148 0.551813 0.533031
GOPR0492_MP4-307_jpg.jpg 1 0.6510416666666666 0.7129629629629629 0.290625 0.49444444444444446
GOPR0492_MP4-127_jpg.jpg 1 0.48046875 0.5638888888888889 0.17447916666666666 0.4759259259259259
IMG_7238.jpg 0 0.502591 0.612370 0.612263 0.587435
5677.jpg 0 0.466204 0.477778 0.430556 0.866667
IMG_7223.jpg 0 0.507556 0.587435 0.602332 0.608161
IMG_7355.jpg 1 0.474093 0.656574 0.504318 0.454987
IMG_7123.jpg 0 0.441710 0.636010 0.518135 0.519430
5636.jpg 0 0.325926 0.456250 0.561111 0.383333
5804.jpg 0 0.591667 0.416406 0.455556 0.371875
GOPR0492_MP4-152_jpg.jpg 1 0.44166666666666665 0.6240740740740741 0.21770833333333334 0.5407407407407407
5832.jpg 0 0.586719 0.330208 0.229687 0.431250
5626.jpg 0 0.572396 0.322685 0.312500 0.636111
GOPR0492_MP4-497_jpg.jpg 1 0.48828125 0.6060185185185185 0.18072916666666666 0.4027777777777778
IMG_7305.jpg 1 0.555699 0.717617 0.553541 0.564767
5786.jpg 0 0.484766 0.352778 0.253906 0.588889
GOPR0492_MP4-61_jpg.jpg 1 0.39739583333333334 0.6328703703703704 0.24375 0.5305555555555556
GOPR0492_MP4-45_jpg.jpg 1 0.48046875 0.5828703703703704 0.1671875 0.44907407407407407
GOPR0492_MP4-112_jpg.jpg 0 0.5135416666666667 0.5736111111111111 0.171875 0.4324074074074074
IMG_7202.jpg 0 0.471287 0.582254 0.537565 0.556347
5629.jpg 0 0.576389 0.401172 0.491667 0.369531
5669.jpg 0 0.483594 0.336806 0.235937 0.595833
5764.jpg 0 0.500000 0.331250 0.290625 0.470833
5719.jpg 0 0.435417 0.458382 0.695833 0.618992
GOPR0492_MP4-129_jpg.jpg 1 0.46796875 0.6078703703703704 0.19635416666666666 0.5546296296296296
5841.jpg 0 0.573698 0.322222 0.289062 0.635185
5880.jpg 0 0.370312 0.432292 0.250000 0.393750
IMG_7207.jpg 0 0.481218 0.591159 0.565199 0.568329
5771.jpg 0 0.529687 0.426042 0.237500 0.427083
IMG_7118.jpg 0 0.471071 0.519754 0.518135 0.501943
GOPR0492_MP4-189_jpg.jpg 1 0.5151041666666667 0.575462962962963 0.16875 0.4287037037037037
GOPR0492_MP4-183_jpg.jpg 0 0.46145833333333336 0.5615740740740741 0.17395833333333333 0.41574074074074074
5668.jpg 0 0.487891 0.332639 0.242969 0.595833
GOPR0492_MP4-136_jpg.jpg 0 0.465625 0.562037037037037 0.16145833333333334 0.40370370370370373
GOPR0492_MP4-251_jpg.jpg 1 0.4890625 0.6083333333333333 0.18958333333333333 0.5444444444444444
IMG_7110.jpg 0 0.468264 0.550032 0.551382 0.521049
5761.jpg 0 0.466667 0.336458 0.457407 0.385417
GOPR0492_MP4-118_jpg.jpg 1 0.48776041666666664 0.5648148148148148 0.16927083333333334 0.43703703703703706
5797.jpg 0 0.513889 0.352604 0.437037 0.348958
5818.jpg 0 0.563021 0.315741 0.311458 0.622222
GOPR0492_MP4-144_jpg.jpg 0 0.4703125 0.5856481481481481 0.18541666666666667 0.4027777777777778
GOPR0492_MP4-111_jpg.jpg 0 0.5153645833333333 0.5657407407407408 0.17239583333333333 0.43333333333333335
IMG_7231.jpg 0 0.512306 0.611075 0.636010 0.578368
5777.jpg 0 0.560185 0.455208 0.381481 0.291667
IMG_7236.jpg 0 0.488774 0.599903 0.576857 0.568329
5727.jpg 0 0.539815 0.438021 0.374074 0.257292
5899.jpg 0 0.514062 0.326042 0.250000 0.443750
IMG_7135.jpg 0 0.460492 0.534488 0.515976 0.546308
IMG_7359.jpg 1 0.534974 0.671470 0.539724 0.504858
IMG_7077.jpg 0 0.469128 0.488828 0.659326 0.775583
IMG_7180.jpg 0 0.523316 0.600712 0.531952 0.507772
5640.jpg 0 0.565885 0.313426 0.282813 0.612037
GOPR0492_MP4-233_jpg.jpg 1 0.5065104166666666 0.6648148148148149 0.2328125 0.5333333333333333
GOPR0492_MP4-168_jpg.jpg 0 0.47994791666666664 0.5685185185185185 0.16927083333333334 0.4685185185185185
GOPR0492_MP4-16_jpg.jpg 1 0.48098958333333336 0.5564814814814815 0.16614583333333333 0.43333333333333335
GOPR0492_MP4-206_jpg.jpg 0 0.45338541666666665 0.549537037037037 0.16822916666666668 0.41944444444444445
IMG_7094.jpg 0 0.537781 0.540965 0.557427 0.541775
IMG_7078.jpg 0 0.470207 0.493199 0.743523 0.808290
5655.jpg 0 0.575926 0.274479 0.720370 0.528125
5734.jpg 0 0.576852 0.379167 0.440741 0.375000
5837.jpg 0 0.561198 0.317130 0.277604 0.612037
GOPR0492_MP4-438_jpg.jpg 1 0.4973958333333333 0.5782407407407407 0.19583333333333333 0.4101851851851852
IMG_7351.jpg 1 0.527202 0.613180 0.465458 0.526878
IMG_7119.jpg 0 0.448618 0.526392 0.481002 0.482837
GOPR0492_MP4-285_jpg.jpg 1 0.5309895833333333 0.6162037037037037 0.2015625 0.5194444444444445
5770.jpg 0 0.403125 0.417708 0.278125 0.468750
5681.jpg 0 0.492969 0.335417 0.232813 0.606944
GOPR0492_MP4-96_jpg.jpg 0 0.5302083333333333 0.587037037037037 0.171875 0.42407407407407405
IMG_7344.jpg 1 0.518351 0.604437 0.478843 0.509391
5766.jpg 0 0.421296 0.459375 0.537037 0.381250
GOPR0492_MP4-130_jpg.jpg 1 0.47291666666666665 0.611574074074074 0.184375 0.5435185185185185
GOPR0492_MP4-247_jpg.jpg 1 0.4348958333333333 0.6199074074074075 0.2125 0.5027777777777778
5743.jpg 0 0.558333 0.441146 0.396296 0.261458
GOPR0492_MP4-387_jpg.jpg 1 0.4940104166666667 0.5925925925925926 0.1765625 0.47962962962962963
IMG_7109.jpg 0 0.477979 0.563148 0.531952 0.529793
IMG_7249.jpg 0 0.475173 0.614637 0.545337 0.577073
GOPR0492_MP4-196_jpg.jpg 1 0.43411458333333336 0.6277777777777778 0.2359375 0.5611111111111111
GOPR0492_MP4-228_jpg.jpg 1 0.51328125 0.5967592592592592 0.18177083333333333 0.4898148148148148
GOPR0492_MP4-36_jpg.jpg 0 0.4895833333333333 0.5708333333333333 0.16666666666666666 0.43796296296296294
GOPR0492_MP4-472_jpg.jpg 0 0.4669270833333333 0.5962962962962963 0.17135416666666667 0.3574074074074074
IMG_7131.jpg 0 0.482081 0.636010 0.555699 0.551813
IMG_7224.jpg 0 0.507556 0.594883 0.591105 0.604922
IMG_7087.jpg 0 0.438903 0.538212 0.642055 0.621114
5890.jpg 0 0.375000 0.454167 0.551852 0.393750
5823.jpg 0 0.370370 0.444792 0.509259 0.375000
5607.jpg 0 0.490234 0.339583 0.252344 0.623611
IMG_7112.jpg 0 0.472150 0.568977 0.512522 0.556347
GOPR0492_MP4-382_jpg.jpg 1 0.4640625 0.5763888888888888 0.184375 0.4212962962962963
IMG_7363.jpg 1 0.559585 0.679404 0.530225 0.485751
5638.jpg 0 0.532870 0.461806 0.367593 0.731944
IMG_7245.jpg 0 0.530009 0.636658 0.585060 0.582902
GOPR0492_MP4-377_jpg.jpg 0 0.47578125 0.5680555555555555 0.16927083333333334 0.41944444444444445
GOPR0492_MP4-78_jpg.jpg 1 0.63515625 0.649074074074074 0.25052083333333336 0.5351851851851852
IMG_7240.jpg 0 0.531088 0.616256 0.582902 0.588731
GOPR0492_MP4-381_jpg.jpg 0 0.4669270833333333 0.5745370370370371 0.1921875 0.4324074074074074
GOPR0492_MP4-238_jpg.jpg 1 0.6044270833333333 0.6648148148148149 0.2598958333333333 0.5148148148148148
5775.jpg 0 0.389815 0.444271 0.511111 0.380208
IMG_7321.jpg 1 0.454447 0.720531 0.559154 0.558938
IMG_7296.jpg 1 0.509499 0.699320 0.563040 0.581282
5877.jpg 0 0.559259 0.385417 0.438889 0.358333
5810.jpg 0 0.581510 0.318519 0.277604 0.627778
5882.jpg 0 0.499074 0.511458 0.874074 0.629167
5723.jpg 0 0.492188 0.343750 0.259375 0.606944
5811.jpg 0 0.490234 0.334722 0.252344 0.575000
GOPR0492_MP4-290_jpg.jpg 1 0.5270833333333333 0.5990740740740741 0.2 0.49074074074074076
IMG_7151.jpg 0 0.479922 0.574968 0.535838 0.526878
IMG_7141.jpg 0 0.459629 0.546956 0.514249 0.521373
5825.jpg 0 0.370370 0.455729 0.520370 0.384375
5805.jpg 0 0.371094 0.471875 0.267188 0.489583
IMG_7218.jpg 0 0.487910 0.594883 0.551813 0.587435
GOPR0492_MP4-171_jpg.jpg 0 0.52265625 0.5773148148148148 0.19114583333333332 0.4324074074074074
GOPR0492_MP4-491_jpg.jpg 0 0.5036458333333333 0.5787037037037037 0.175 0.3888888888888889
GOPR0492_MP4-88_jpg.jpg 0 0.4856770833333333 0.5648148148148148 0.1859375 0.43333333333333335
IMG_7237.jpg 0 0.485967 0.611075 0.559154 0.578368
GOPR0492_MP4-147_jpg.jpg 0 0.46588541666666666 0.5712962962962963 0.18177083333333333 0.4074074074074074
GOPR0492_MP4-422_jpg.jpg 1 0.45546875 0.5893518518518519 0.17135416666666667 0.48055555555555557
5787.jpg 0 0.388889 0.446875 0.520370 0.366667
5780.jpg 0 0.479687 0.333333 0.273438 0.630556
IMG_7312.jpg 1 0.439767 0.718264 0.585060 0.563472
IMG_7181.jpg 0 0.489853 0.600065 0.512522 0.518135
GOPR0492_MP4-478_jpg.jpg 0 0.5697916666666667 0.549074074074074 0.17916666666666667 0.37037037037037035
5712.jpg 0 0.612037 0.396354 0.396296 0.344792
5726.jpg 0 0.553704 0.528472 0.288889 0.615278
IMG_7185.jpg 0 0.504750 0.596179 0.510363 0.513601
5705.jpg 0 0.558073 0.312963 0.286979 0.624074
GOPR0492_MP4-67_jpg.jpg 1 0.40625 0.6217592592592592 0.18020833333333333 0.3824074074074074
GOPR0492_MP4-320_jpg.jpg 1 0.471875 0.5995370370370371 0.175 0.39537037037037037
5742.jpg 0 0.541667 0.459896 0.859259 0.726042
GOPR0492_MP4-308_jpg.jpg 1 0.62109375 0.6342592592592593 0.21927083333333333 0.4740740740740741
GOPR0492_MP4-181_jpg.jpg 0 0.4630208333333333 0.5773148148148148 0.18645833333333334 0.4527777777777778
IMG_7288.jpg 1 0.458549 0.689605 0.559585 0.620790
5643.jpg 0 0.403906 0.281250 0.292187 0.483333
GOPR0492_MP4-187_jpg.jpg 0 0.52890625 0.5625 0.18072916666666666 0.425
5714.jpg 0 0.583147 0.457770 0.353795 0.760135
IMG_7292.jpg 1 0.541019 0.694786 0.633851 0.610427
5835.jpg 0 0.533333 0.345833 0.494444 0.358333
5799.jpg 0 0.494907 0.486806 0.245370 0.512500
5704.jpg 0 0.353704 0.439583 0.538889 0.383333
GOPR0492_MP4-432_jpg.jpg 0 0.48802083333333335 0.586574074074074 0.203125 0.3972222222222222
5817.jpg 0 0.589815 0.372917 0.418519 0.352083
5652.jpg 0 0.493981 0.543056 0.267593 0.511111
GOPR0492_MP4-332_jpg.jpg 0 0.48072916666666665 0.5916666666666667 0.16979166666666667 0.43148148148148147
GOPR0492_MP4-203_jpg.jpg 0 0.4265625 0.586574074074074 0.175 0.42685185185185187
GOPR0492_MP4-458_jpg.jpg 1 0.5072916666666667 0.5847222222222223 0.184375 0.3990740740740741
5772.jpg 0 0.475926 0.483333 0.761111 0.560417
GOPR0492_MP4-225_jpg.jpg 0 0.5145833333333333 0.5875 0.16875 0.44907407407407407
GOPR0492_MP4-412_jpg.jpg 0 0.4505208333333333 0.5875 0.20520833333333333 0.3990740740740741
IMG_7322.jpg 1 0.479922 0.712435 0.571244 0.575130
GOPR0492_MP4-31_jpg.jpg 0 0.49166666666666664 0.5643518518518519 0.16979166666666667 0.43796296296296294
IMG_7234.jpg 0 0.505613 0.608161 0.551813 0.566710
5706.jpg 0 0.569531 0.317593 0.307812 0.627778
IMG_7233.jpg 0 0.517271 0.602008 0.575130 0.599093
5722.jpg 0 0.521296 0.310937 0.470370 0.336458
GOPR0492_MP4-64_jpg.jpg 1 0.3963541666666667 0.6046296296296296 0.19166666666666668 0.412962962962963
GOPR0492_MP4-396_jpg.jpg 0 0.5057291666666667 0.5796296296296296 0.1625 0.42777777777777776
5819.jpg 0 0.598148 0.390625 0.420370 0.331250
5847.jpg 0 0.566667 0.381771 0.435185 0.355208
5827.jpg 0 0.467593 0.332292 0.466667 0.356250
IMG_7140.jpg 0 0.477116 0.555052 0.522453 0.543394
IMG_7356.jpg 1 0.545769 0.666127 0.494819 0.506477
5886.jpg 0 0.398148 0.457292 0.535185 0.397917
GOPR0492_MP4-47_jpg.jpg 1 0.51640625 0.5712962962962963 0.1671875 0.4351851851851852
GOPR0492_MP4-89_jpg.jpg 1 0.48463541666666665 0.5731481481481482 0.20260416666666667 0.45
GOPR0492_MP4-20_jpg.jpg 1 0.49765625 0.5643518518518519 0.17135416666666667 0.44722222222222224
GOPR0492_MP4-493_jpg.jpg 0 0.4953125 0.5939814814814814 0.184375 0.4046296296296296
GOPR0492_MP4-242_jpg.jpg 1 0.5135416666666667 0.6310185185185185 0.20520833333333333 0.5675925925925925
GOPR0492_MP4-466_jpg.jpg 0 0.4388020833333333 0.6050925925925926 0.1609375 0.4046296296296296
GOPR0492_MP4-201_jpg.jpg 0 0.4440104166666667 0.5944444444444444 0.1734375 0.44814814814814813
GOPR0492_MP4-380_jpg.jpg 0 0.46796875 0.5833333333333334 0.19635416666666666 0.4462962962962963
5594.jpg 0 0.522656 0.327083 0.270313 0.433333
5892.jpg 0 0.562963 0.350521 0.527778 0.384375
GOPR0492_MP4-445_jpg.jpg 1 0.47578125 0.6148148148148148 0.18802083333333333 0.48148148148148145
5840.jpg 0 0.496528 0.414453 0.573611 0.477344
5790.jpg 0 0.517708 0.330093 0.270833 0.626852
5854.jpg 0 0.391667 0.292187 0.740741 0.498958
IMG_7105.jpg 0 0.506477 0.568329 0.518135 0.557642
5633.jpg 0 0.571875 0.308333 0.304167 0.609259
GOPR0492_MP4-426_jpg.jpg 0 0.4752604166666667 0.575 0.18072916666666666 0.40555555555555556
5590.jpg 0 0.518519 0.418229 0.875926 0.707292
GOPR0492_MP4-154_jpg.jpg 1 0.5075520833333333 0.6185185185185185 0.1953125 0.5611111111111111
GOPR0492_MP4-70_jpg.jpg 1 0.4546875 0.5782407407407407 0.17916666666666667 0.4287037037037037
5758.jpg 0 0.544444 0.433854 0.387037 0.251042
IMG_7299.jpg 1 0.445596 0.703692 0.576857 0.557642
5885.jpg 0 0.506944 0.402734 0.594444 0.494531
GOPR0492_MP4-38_jpg.jpg 0 0.4869791666666667 0.5648148148148148 0.16458333333333333 0.4203703703703704
5846.jpg 0 0.511111 0.355208 0.475926 0.347917
GOPR0492_MP4-490_jpg.jpg 1 0.5130208333333334 0.5842592592592593 0.16354166666666667 0.4
GOPR0492_MP4-184_jpg.jpg 0 0.46770833333333334 0.5662037037037037 0.184375 0.43796296296296294
5595.jpg 0 0.554630 0.515972 0.283333 0.559722
IMG_7144.jpg 0 0.471287 0.577234 0.545337 0.525583
5649.jpg 0 0.569271 0.314815 0.298958 0.627778
5648.jpg 0 0.412037 0.452083 0.540741 0.383333
IMG_7163.jpg 0 0.534111 0.588245 0.569085 0.532707
5865.jpg 0 0.549219 0.317130 0.324479 0.630556
GOPR0492_MP4-457_jpg.jpg 0 0.53046875 0.5930555555555556 0.1859375 0.39166666666666666
GOPR0492_MP4-15_jpg.jpg 0 0.4986979166666667 0.5643518518518519 0.16510416666666666 0.44722222222222224
5732.jpg 0 0.544444 0.535417 0.300000 0.570833
5751.jpg 0 0.563802 0.319444 0.301563 0.629630
5789.jpg 0 0.488194 0.420703 0.587500 0.510156
5852.jpg 0 0.544444 0.334896 0.494444 0.390625
GOPR0492_MP4-408_jpg.jpg 0 0.4700520833333333 0.5837962962962963 0.16822916666666668 0.41944444444444445
GOPR0492_MP4-418_jpg.jpg 1 0.46796875 0.5722222222222222 0.15989583333333332 0.412962962962963
GOPR0492_MP4-138_jpg.jpg 0 0.44635416666666666 0.5671296296296297 0.153125 0.4083333333333333
5703.jpg 0 0.600000 0.395313 0.409259 0.357292
GOPR0492_MP4-309_jpg.jpg 1 0.57734375 0.6069444444444444 0.17135416666666667 0.35462962962962963
IMG_7099.jpg 0 0.545769 0.550680 0.569085 0.548899
GOPR0492_MP4-291_jpg.jpg 1 0.52578125 0.5981481481481481 0.2015625 0.49444444444444446
5830.jpg 0 0.523438 0.459375 0.262500 0.493750
5895.jpg 0 0.550000 0.463542 0.864815 0.639583
GOPR0492_MP4-430_jpg.jpg 1 0.52734375 0.5787037037037037 0.15885416666666666 0.40370370370370373
5613.jpg 0 0.584375 0.317593 0.306250 0.618519
5796.jpg 0 0.591667 0.392188 0.466667 0.355208
GOPR0492_MP4-360_jpg.jpg 0 0.45677083333333335 0.5736111111111111 0.203125 0.39537037037037037
IMG_7192.jpg 0 0.323187 0.644106 0.508204 0.533031
5839.jpg 0 0.550000 0.328704 0.331250 0.648148
IMG_7313.jpg 1 0.477116 0.714540 0.561313 0.570920
GOPR0492_MP4-84_jpg.jpg 0 0.46953125 0.5560185185185185 0.18802083333333333 0.39351851851851855
5871.jpg 0 0.496094 0.458333 0.282813 0.500000
IMG_7126.jpg 0 0.499784 0.625000 0.520294 0.527202
5793.jpg 0 0.572396 0.330556 0.321875 0.644444
GOPR0492_MP4-91_jpg.jpg 0 0.44609375 0.5773148148148148 0.1890625 0.39351851851851855
IMG_7187.jpg 0 0.519214 0.596341 0.515976 0.487370
GOPR0492_MP4-425_jpg.jpg 0 0.4609375 0.5740740740740741 0.18020833333333333 0.3962962962962963
GOPR0492_MP4-209_jpg.jpg 0 0.48932291666666666 0.5578703703703703 0.15989583333333332 0.425
5715.jpg 0 0.497656 0.434375 0.292187 0.543750
GOPR0492_MP4-68_jpg.jpg 1 0.409375 0.6175925925925926 0.184375 0.3888888888888889
GOPR0492_MP4-135_jpg.jpg 1 0.46901041666666665 0.5782407407407407 0.2046875 0.4305555555555556
IMG_7211.jpg 0 0.456390 0.574158 0.575130 0.616580
IMG_7079.jpg 0 0.477116 0.478465 0.738342 0.866904
GOPR0492_MP4-316_jpg.jpg 1 0.48723958333333334 0.600925925925926 0.17760416666666667 0.37407407407407406
GOPR0492_MP4-99_jpg.jpg 1 0.5216145833333333 0.600462962962963 0.1984375 0.5027777777777778
GOPR0492_MP4-240_jpg.jpg 1 0.6325520833333333 0.6726851851851852 0.25885416666666666 0.5027777777777778
GOPR0492_MP4-159_jpg.jpg 1 0.49557291666666664 0.5986111111111111 0.19635416666666666 0.5453703703703704
IMG_7134.jpg 0 0.467185 0.529307 0.533679 0.553433
5635.jpg 0 0.529630 0.282292 0.512963 0.389583
GOPR0492_MP4-280_jpg.jpg 1 0.5143229166666666 0.5972222222222222 0.1859375 0.4777777777777778
GOPR0492_MP4-32_jpg.jpg 0 0.47265625 0.5555555555555556 0.16302083333333334 0.4203703703703704
5857.jpg 0 0.522656 0.334375 0.257812 0.460417
IMG_7113.jpg 0 0.555699 0.596341 0.537997 0.557966
IMG_7220.jpg 0 0.497625 0.585978 0.586788 0.592940
5861.jpg 0 0.520370 0.522396 0.827778 0.619792
IMG_7314.jpg 1 0.483808 0.719074 0.543610 0.561852
5887.jpg 0 0.572222 0.459375 0.831481 0.645833
GOPR0492_MP4-479_jpg.jpg 0 0.5559895833333334 0.5601851851851852 0.17760416666666667 0.38333333333333336
5606.jpg 0 0.587760 0.321296 0.302604 0.631481
5836.jpg 0 0.485156 0.334722 0.239063 0.580556
5627.jpg 0 0.544531 0.311574 0.350521 0.621296
IMG_7339.jpg 1 0.457470 0.613990 0.498705 0.507772
IMG_7117.jpg 0 0.543826 0.529955 0.545337 0.557966
GOPR0492_MP4-450_jpg.jpg 0 0.4973958333333333 0.5583333333333333 0.16354166666666667 0.4074074074074074
5776.jpg 0 0.459028 0.418750 0.615278 0.482812
5843.jpg 0 0.489063 0.336806 0.267188 0.618056
IMG_7197.jpg 0 0.599741 0.630829 0.524180 0.506477
IMG_7101.jpg 0 0.550734 0.565253 0.602332 0.569624
IMG_7350.jpg 1 0.462435 0.663860 0.524180 0.507772
5692.jpg 0 0.409259 0.414583 0.438889 0.335417
GOPR0492_MP4-37_jpg.jpg 0 0.4869791666666667 0.5550925925925926 0.175 0.4212962962962963
IMG_7337.jpg 1 0.461356 0.600065 0.494387 0.518135
GOPR0492_MP4-87_jpg.jpg 0 0.478125 0.5712962962962963 0.17395833333333333 0.4425925925925926
IMG_7164.jpg 0 0.524180 0.593426 0.518135 0.531412
GOPR0492_MP4-236_jpg.jpg 1 0.578125 0.6648148148148149 0.25833333333333336 0.5462962962962963
GOPR0492_MP4-439_jpg.jpg 0 0.5078125 0.575925925925926 0.1625 0.40370370370370373
GOPR0492_MP4-216_jpg.jpg 1 0.5364583333333334 0.5717592592592593 0.16979166666666667 0.41203703703703703
5860.jpg 0 0.452344 0.235417 0.235937 0.375000
5646.jpg 0 0.598148 0.388542 0.412963 0.352083
IMG_7195.jpg 0 0.536054 0.647668 0.494387 0.507772
IMG_7222.jpg 0 0.491796 0.582902 0.602763 0.599093
GOPR0492_MP4-295_jpg.jpg 1 0.5127604166666667 0.6268518518518519 0.1984375 0.5537037037037037
5693.jpg 0 0.508929 0.469595 0.305804 0.722973
GOPR0492_MP4-146_jpg.jpg 0 0.4713541666666667 0.5777777777777777 0.184375 0.4222222222222222
IMG_7088.jpg 0 0.433938 0.547766 0.624352 0.646049
IMG_7194.jpg 0 0.546848 0.621276 0.508204 0.493199
5716.jpg 0 0.569531 0.322222 0.324479 0.629630
5724.jpg 0 0.593519 0.387500 0.400000 0.333333
GOPR0492_MP4-313_jpg.jpg 1 0.47578125 0.6199074074074075 0.17864583333333334 0.38055555555555554
GOPR0492_MP4-21_jpg.jpg 1 0.5026041666666666 0.5939814814814814 0.18854166666666666 0.5305555555555556
GOPR0492_MP4-362_jpg.jpg 0 0.45677083333333335 0.5736111111111111 0.19895833333333332 0.4027777777777778
5881.jpg 0 0.571875 0.309259 0.301042 0.611111
5808.jpg 0 0.554630 0.514062 0.774074 0.607292
IMG_7184.jpg 0 0.441926 0.599255 0.506477 0.513925
GOPR0492_MP4-374_jpg.jpg 0 0.4901041666666667 0.5814814814814815 0.190625 0.43148148148148147
GOPR0492_MP4-25_jpg.jpg 1 0.5104166666666666 0.6208333333333333 0.23229166666666667 0.5601851851851852
GOPR0492_MP4-343_jpg.jpg 0 0.4700520833333333 0.575925925925926 0.17135416666666667 0.4148148148148148
GOPR0492_MP4-150_jpg.jpg 1 0.4864583333333333 0.6037037037037037 0.19479166666666667 0.5148148148148148
GOPR0492_MP4-475_jpg.jpg 0 0.5114583333333333 0.5953703703703703 0.15520833333333334 0.37592592592592594
GOPR0492_MP4-420_jpg.jpg 1 0.46380208333333334 0.5935185185185186 0.17239583333333333 0.48518518518518516
5853.jpg 0 0.559375 0.314352 0.310417 0.612037
GOPR0492_MP4-110_jpg.jpg 0 0.5138020833333333 0.5662037037037037 0.1796875 0.4305555555555556
IMG_7304.jpg 1 0.545769 0.716807 0.553541 0.566386
IMG_7283.jpg 1 0.537997 0.688148 0.588946 0.623705
IMG_7329.jpg 1 0.649827 0.738990 0.592401 0.519430
5736.jpg 0 0.524074 0.469271 0.901852 0.728125
GOPR0492_MP4-452_jpg.jpg 1 0.5098958333333333 0.5504629629629629 0.17604166666666668 0.38981481481481484
IMG_7348.jpg 1 0.466321 0.624352 0.535406 0.507772
GOPR0492_MP4-80_jpg.jpg 0 0.6005208333333333 0.6236111111111111 0.22083333333333333 0.5194444444444445
5767.jpg 0 0.382407 0.458854 0.566667 0.396875
IMG_7169.jpg 0 0.513385 0.612370 0.524180 0.540155
GOPR0492_MP4-120_jpg.jpg 0 0.48385416666666664 0.5638888888888889 0.16145833333333334 0.39444444444444443
GOPR0492_MP4-402_jpg.jpg 1 0.47291666666666665 0.6060185185185185 0.171875 0.487962962962963
GOPR0492_MP4-442_jpg.jpg 1 0.45989583333333334 0.6083333333333333 0.19895833333333332 0.4962962962962963
5699.jpg 0 0.556510 0.315741 0.310937 0.622222
GOPR0492_MP4-397_jpg.jpg 1 0.4953125 0.575925925925926 0.18125 0.4185185185185185
5641.jpg 0 0.556944 0.414062 0.611111 0.503125
5756.jpg 0 0.685268 0.476351 0.370536 0.766892
5868.jpg 0 0.465741 0.496354 0.859259 0.580208
IMG_7341.jpg 1 0.441926 0.630829 0.486615 0.506477
IMG_7174.jpg 0 0.539940 0.602170 0.526339 0.522345
IMG_7091.jpg 0 0.406520 0.541127 0.616149 0.632772
5647.jpg 0 0.600694 0.403906 0.456944 0.360938
5710.jpg 0 0.404630 0.453125 0.566667 0.402083
5617.jpg 0 0.412963 0.284896 0.750000 0.542708
GOPR0492_MP4-223_jpg.jpg 0 0.4984375 0.5851851851851851 0.16979166666666667 0.4388888888888889
GOPR0492_MP4-464_jpg.jpg 0 0.51015625 0.6 0.1609375 0.3907407407407407
GOPR0492_MP4-48_jpg.jpg 1 0.5377604166666666 0.5828703703703704 0.17239583333333333 0.425
GOPR0492_MP4-365_jpg.jpg 0 0.45546875 0.5643518518518519 0.20989583333333334 0.39166666666666666
IMG_7205.jpg 0 0.481865 0.592617 0.590674 0.562176
IMG_7311.jpg 1 0.429188 0.719722 0.582902 0.560557
5721.jpg 0 0.423148 0.421354 0.462963 0.332292
GOPR0492_MP4-317_jpg.jpg 1 0.4895833333333333 0.5990740740740741 0.17291666666666666 0.3888888888888889
5831.jpg 0 0.383333 0.446875 0.490741 0.381250
GOPR0492_MP4-109_jpg.jpg 0 0.5260416666666666 0.5745370370370371 0.2 0.4101851851851852
5616.jpg 0 0.527778 0.465278 0.387037 0.836111
GOPR0492_MP4-200_jpg.jpg 0 0.46041666666666664 0.5981481481481481 0.16875 0.45185185185185184
IMG_7199.jpg 0 0.475173 0.647830 0.529793 0.510687
GOPR0492_MP4-403_jpg.jpg 1 0.4739583333333333 0.6083333333333333 0.17708333333333334 0.4962962962962963
IMG_7340.jpg 1 0.479059 0.607999 0.466753 0.481541
IMG_7168.jpg 0 0.511442 0.614799 0.515976 0.553433
5663.jpg 0 0.568229 0.325926 0.307292 0.642593
5671.jpg 0 0.480556 0.338542 0.462963 0.370833
GOPR0492_MP4-384_jpg.jpg 0 0.4908854166666667 0.5856481481481481 0.16614583333333333 0.44351851851851853
GOPR0492_MP4-104_jpg.jpg 1 0.6869791666666667 0.6486111111111111 0.2625 0.5787037037037037
GOPR0492_MP4-246_jpg.jpg 1 0.45078125 0.6180555555555556 0.21510416666666668 0.537962962962963
5763.jpg 0 0.558333 0.471354 0.825926 0.692708
IMG_7208.jpg 0 0.500648 0.550680 0.612694 0.616904
GOPR0492_MP4-349_jpg.jpg 0 0.41510416666666666 0.5837962962962963 0.21145833333333333 0.43425925925925923
IMG_7154.jpg 0 0.501727 0.588892 0.563040 0.560557
IMG_7124.jpg 0 0.477116 0.635201 0.556995 0.526878
GOPR0492_MP4-162_jpg.jpg 0 0.5 0.5518518518518518 0.16875 0.44814814814814813
IMG_7083.jpg 0 0.412349 0.535784 0.667530 0.731541
GOPR0492_MP4-368_jpg.jpg 0 0.46822916666666664 0.5625 0.1625 0.3972222222222222
GOPR0492_MP4-256_jpg.jpg 1 0.4973958333333333 0.6032407407407407 0.175 0.475
GOPR0492_MP4-296_jpg.jpg 1 0.5111979166666667 0.6282407407407408 0.1984375 0.5583333333333333
GOPR0492_MP4-75_jpg.jpg 0 0.5114583333333333 0.5828703703703704 0.16979166666666667 0.4305555555555556
5753.jpg 0 0.400926 0.457292 0.537037 0.414583
GOPR0492_MP4-350_jpg.jpg 0 0.39010416666666664 0.5828703703703704 0.22395833333333334 0.462037037037037
IMG_7191.jpg 0 0.309154 0.633744 0.539724 0.503238
GOPR0492_MP4-224_jpg.jpg 0 0.5138020833333333 0.587037037037037 0.1671875 0.45185185185185184
5624.jpg 0 0.527315 0.520833 0.278704 0.516667
5757.jpg 0 0.546094 0.433333 0.229687 0.387500
5737.jpg 0 0.555990 0.314352 0.297396 0.621296
5728.jpg 0 0.588542 0.318519 0.327083 0.622222
GOPR0492_MP4-27_jpg.jpg 1 0.5427083333333333 0.6546296296296297 0.25833333333333336 0.5555555555555556
GOPR0492_MP4-277_jpg.jpg 1 0.4864583333333333 0.6013888888888889 0.17916666666666667 0.48055555555555557
IMG_7081.jpg 0 0.491796 0.494657 0.798791 0.940738
GOPR0492_MP4-361_jpg.jpg 0 0.4630208333333333 0.5768518518518518 0.19895833333333332 0.3925925925925926
GOPR0492_MP4-449_jpg.jpg 0 0.4765625 0.5648148148148148 0.18229166666666666 0.4203703703703704
IMG_7357.jpg 1 0.486831 0.668394 0.506477 0.446244
GOPR0492_MP4-134_jpg.jpg 0 0.484375 0.5814814814814815 0.21041666666666667 0.42592592592592593
5642.jpg 0 0.379630 0.368750 0.753704 0.564583
GOPR0492_MP4-268_jpg.jpg 1 0.5171875 0.587037037037037 0.17291666666666666 0.4703703703703704
IMG_7308.jpg 1 0.490717 0.716969 0.557427 0.560881
IMG_7158.jpg 0 0.462435 0.596988 0.594991 0.538536
IMG_7330.jpg 1 0.640112 0.742552 0.565199 0.514896
GOPR0492_MP4-455_jpg.jpg 0 0.5153645833333333 0.5782407407407407 0.16302083333333334 0.39351851851851855
GOPR0492_MP4-202_jpg.jpg 0 0.43671875 0.5912037037037037 0.1609375 0.41944444444444445
5856.jpg 0 0.571296 0.473438 0.829630 0.653125
GOPR0492_MP4-339_jpg.jpg 0 0.5528645833333333 0.5981481481481481 0.18802083333333333 0.4351851851851852
GOPR0492_MP4-119_jpg.jpg 0 0.4984375 0.5722222222222222 0.16458333333333333 0.43148148148148147
5842.jpg 0 0.414583 0.449609 0.651389 0.499219
GOPR0492_MP4-77_jpg.jpg 1 0.5604166666666667 0.6134259259259259 0.22083333333333333 0.5194444444444445
IMG_7212.jpg 0 0.470207 0.578530 0.582902 0.584521
5878.jpg 1 0.662963 0.500521 0.461111 0.390625
GOPR0492_MP4-327_jpg.jpg 1 0.45807291666666666 0.6027777777777777 0.1859375 0.4222222222222222
GOPR0492_MP4-429_jpg.jpg 0 0.5236979166666667 0.5805555555555556 0.15677083333333333 0.39814814814814814
IMG_7215.jpg 0 0.496762 0.597798 0.549655 0.560881
5601.jpg 0 0.590402 0.456926 0.350446 0.711149
GOPR0492_MP4-207_jpg.jpg 0 0.46171875 0.5532407407407407 0.16197916666666667 0.4305555555555556
GOPR0492_MP4-319_jpg.jpg 1 0.47994791666666664 0.5990740740740741 0.1734375 0.4
5609.jpg 0 0.583333 0.380208 0.427778 0.341667
IMG_7353.jpg 1 0.466321 0.601360 0.484456 0.506477
IMG_7206.jpg 0 0.488774 0.594722 0.553541 0.552137
IMG_7306.jpg 1 0.533895 0.715350 0.557427 0.569301
GOPR0492_MP4-194_jpg.jpg 1 0.49453125 0.6300925925925925 0.1984375 0.5657407407407408
GOPR0492_MP4-199_jpg.jpg 0 0.4747395833333333 0.5833333333333334 0.1765625 0.45
5708.jpg 0 0.483594 0.423958 0.242188 0.468750
IMG_7230.jpg 0 0.524180 0.603627 0.616580 0.604922
GOPR0492_MP4-54_jpg.jpg 1 0.5130208333333334 0.5819444444444445 0.17291666666666666 0.46574074074074073
GOPR0492_MP4-190_jpg.jpg 1 0.5143229166666666 0.5921296296296297 0.17760416666666667 0.5175925925925926
GOPR0492_MP4-35_jpg.jpg 0 0.484375 0.5675925925925925 0.16770833333333332 0.4222222222222222
5814.jpg 0 0.487109 0.340278 0.242969 0.636111
GOPR0492_MP4-90_jpg.jpg 0 0.4828125 0.5652777777777778 0.203125 0.4083333333333333
IMG_7342.jpg 1 0.431995 0.625810 0.483161 0.525583
GOPR0492_MP4-274_jpg.jpg 1 0.46380208333333334 0.6018518518518519 0.17135416666666667 0.4685185185185185
5888.jpg 0 0.501172 0.327778 0.269531 0.619444
GOPR0492_MP4-165_jpg.jpg 1 0.4783854166666667 0.5578703703703703 0.1796875 0.4287037037037037
IMG_7165.jpg 0 0.509499 0.596341 0.544041 0.525583
GOPR0492_MP4-163_jpg.jpg 0 0.49453125 0.5435185185185185 0.16510416666666666 0.4074074074074074
GOPR0492_MP4-405_jpg.jpg 0 0.4674479166666667 0.5972222222222222 0.1734375 0.45925925925925926
GOPR0492_MP4-156_jpg.jpg 1 0.5578125 0.6273148148148148 0.22604166666666667 0.562037037037037
GOPR0492_MP4-305_jpg.jpg 1 0.51015625 0.6986111111111111 0.2484375 0.4935185185185185
GOPR0492_MP4-192_jpg.jpg 1 0.5044270833333333 0.6189814814814815 0.1921875 0.549074074074074
5644.jpg 0 0.540741 0.428646 0.875926 0.715625
IMG_7149.jpg 0 0.478195 0.565415 0.563472 0.513601
IMG_7084.jpg 0 0.429836 0.529307 0.686960 0.709521
GOPR0492_MP4-271_jpg.jpg 0 0.4630208333333333 0.5875 0.18020833333333333 0.4527777777777778
IMG_7171.jpg 0 0.506477 0.603627 0.569085 0.505181
5774.jpg 0 0.489844 0.330556 0.242188 0.600000
GOPR0492_MP4-157_jpg.jpg 1 0.5205729166666667 0.6018518518518519 0.19322916666666667 0.5444444444444444
IMG_7166.jpg 0 0.526339 0.588245 0.553541 0.532707
GOPR0492_MP4-322_jpg.jpg 1 0.4703125 0.600925925925926 0.171875 0.39444444444444443
5850.jpg 0 0.493359 0.339583 0.235156 0.606944
5665.jpg 0 0.499074 0.473958 0.911111 0.697917
5672.jpg 0 0.423148 0.429167 0.477778 0.362500
5759.jpg 0 0.407407 0.448437 0.520370 0.378125
GOPR0492_MP4-373_jpg.jpg 0 0.49557291666666664 0.5828703703703704 0.19010416666666666 0.4398148148148148
5870.jpg 0 0.418519 0.461979 0.542593 0.390625
5657.jpg 0 0.526852 0.352083 0.474074 0.362500
GOPR0492_MP4-347_jpg.jpg 1 0.435677 0.593519 0.211979 0.450000
IMG_7122.jpg 0 0.447755 0.627105 0.490501 0.510687
IMG_7080.jpg 0 0.495682 0.491742 0.791019 0.902526
GOPR0492_MP4-39_jpg.jpg 0 0.49114583333333334 0.5740740740740741 0.16354166666666667 0.4351851851851852
IMG_7235.jpg 0 0.511442 0.599903 0.591105 0.574158
GOPR0492_MP4-359_jpg.jpg 1 0.44192708333333336 0.5907407407407408 0.1953125 0.3851851851851852
IMG_7082.jpg 0 0.461356 0.512953 0.753454 0.874352
IMG_7217.jpg 0 0.500648 0.590350 0.569516 0.572539
GOPR0492_MP4-326_jpg.jpg 1 0.46901041666666665 0.6 0.18385416666666668 0.4351851851851852
IMG_7121.jpg 0 0.410406 0.582254 0.541883 0.512306
GOPR0492_MP4-367_jpg.jpg 0 0.46484375 0.5689814814814815 0.16927083333333334 0.4064814814814815
GOPR0492_MP4-245_jpg.jpg 1 0.46197916666666666 0.6310185185185185 0.22708333333333333 0.5861111111111111
GOPR0492_MP4-173_jpg.jpg 1 0.49453125 0.5805555555555556 0.1671875 0.44074074074074077
IMG_7146.jpg 0 0.512522 0.572053 0.518135 0.521049
GOPR0492_MP4-179_jpg.jpg 1 0.45364583333333336 0.5953703703703703 0.18229166666666666 0.4962962962962963
5610.jpg 0 0.454167 0.257913 0.704167 0.506448
GOPR0492_MP4-249_jpg.jpg 1 0.44427083333333334 0.624537037037037 0.22291666666666668 0.5509259259259259
5695.jpg 0 0.487109 0.325000 0.216406 0.594444
GOPR0492_MP4-97_jpg.jpg 0 0.51328125 0.5814814814814815 0.1703125 0.44814814814814813
IMG_7225.jpg 0 0.502591 0.592617 0.620035 0.606218
5645.jpg 0 0.513889 0.423438 0.900000 0.686458
GOPR0492_MP4-391_jpg.jpg 0 0.4747395833333333 0.5726851851851852 0.16510416666666666 0.4046296296296296
5659.jpg 0 0.387037 0.456250 0.487037 0.370833
GOPR0492_MP4-117_jpg.jpg 1 0.47239583333333335 0.6023148148148149 0.1875 0.5120370370370371
GOPR0492_MP4-470_jpg.jpg 0 0.46119791666666665 0.5518518518518518 0.16822916666666668 0.3814814814814815
GOPR0492_MP4-121_jpg.jpg 0 0.47161458333333334 0.5550925925925926 0.1609375 0.4064814814814815
IMG_7147.jpg 0 0.493955 0.568329 0.539724 0.516839
5762.jpg 0 0.568750 0.341667 0.253125 0.425000
IMG_7244.jpg 0 0.495682 0.608161 0.539724 0.566710
5760.jpg 0 0.551852 0.418750 0.824074 0.708333
IMG_7346.jpg 1 0.457470 0.655278 0.506477 0.499028
5863.jpg 0 0.560648 0.518750 0.275000 0.579167
5673.jpg 0 0.544907 0.536111 0.265741 0.538889
GOPR0492_MP4-123_jpg.jpg 0 0.48463541666666665 0.5634259259259259 0.20260416666666667 0.41388888888888886
5866.jpg 0 0.471296 0.503646 0.837037 0.567708
5729.jpg 0 0.561979 0.316204 0.298958 0.625000
IMG_7176.jpg 0 0.539724 0.597798 0.518135 0.507772
GOPR0492_MP4-170_jpg.jpg 0 0.5236979166666667 0.5898148148148148 0.1921875 0.45185185185185184
GOPR0492_MP4-63_jpg.jpg 1 0.3809895833333333 0.6361111111111111 0.24947916666666667 0.5166666666666667
GOPR0492_MP4-266_jpg.jpg 0 0.5033854166666667 0.587037037037037 0.17239583333333333 0.4703703703703704
IMG_7287.jpg 1 0.438903 0.689605 0.622193 0.620790
GOPR0492_MP4-441_jpg.jpg 1 0.48932291666666666 0.6050925925925926 0.1703125 0.5120370370370371
5731.jpg 0 0.516667 0.328646 0.479630 0.367708
5773.jpg 0 0.487500 0.329861 0.242188 0.590278
IMG_7160.jpg 0 0.496762 0.590350 0.545337 0.534326
IMG_7294.jpg 1 0.543826 0.703530 0.636010 0.592940
GOPR0492_MP4-345_jpg.jpg 0 0.49244791666666665 0.5875 0.1984375 0.4212962962962963
5891.jpg 0 0.580208 0.319907 0.307292 0.636111
5838.jpg 0 0.495370 0.540278 0.257407 0.455556
5749.jpg 0 0.556250 0.315741 0.283333 0.622222
GOPR0492_MP4-427_jpg.jpg 0 0.49973958333333335 0.5800925925925926 0.1921875 0.41203703703703703
IMG_7177.jpg 0 0.509499 0.594883 0.484456 0.496114
IMG_7127.jpg 0 0.493739 0.613180 0.528066 0.521049
IMG_7086.jpg 0 0.435017 0.546146 0.629965 0.640220
GOPR0492_MP4-395_jpg.jpg 1 0.5276041666666667 0.5879629629629629 0.18541666666666667 0.412962962962963
GOPR0492_MP4-11_jpg.jpg 0 0.5283854166666667 0.4513888888888889 0.26927083333333335 0.6861111111111111
IMG_7102.jpg 0 0.516408 0.572701 0.576857 0.572863
GOPR0492_MP4-460_jpg.jpg 0 0.47734375 0.5731481481481482 0.1796875 0.39444444444444443
5833.jpg 0 0.570370 0.450521 0.805556 0.628125
GOPR0492_MP4-164_jpg.jpg 0 0.4825520833333333 0.5449074074074074 0.18072916666666666 0.39537037037037037
GOPR0492_MP4-211_jpg.jpg 0 0.48828125 0.5583333333333333 0.16510416666666666 0.44074074074074077
5779.jpg 0 0.572917 0.315741 0.304167 0.627778
5803.jpg 0 0.474306 0.412109 0.637500 0.488281
5848.jpg 0 0.585417 0.403516 0.473611 0.350781
5748.jpg 0 0.492188 0.329861 0.246875 0.618056
IMG_7297.jpg 1 0.488990 0.703692 0.522021 0.566710
GOPR0492_MP4-107_jpg.jpg 0 0.5252604166666667 0.5787037037037037 0.2109375 0.5
GOPR0492_MP4-482_jpg.jpg 0 0.5177083333333333 0.5527777777777778 0.17395833333333333 0.3814814814814815
GOPR0492_MP4-390_jpg.jpg 0 0.46380208333333334 0.5768518518518518 0.1765625 0.4166666666666667
5632.jpg 0 0.371296 0.443750 0.507407 0.381250
IMG_7111.jpg 0 0.443653 0.567519 0.537565 0.509391
GOPR0492_MP4-177_jpg.jpg 0 0.45703125 0.5810185185185185 0.18177083333333333 0.44907407407407407
GOPR0492_MP4-435_jpg.jpg 0 0.4984375 0.5712962962962963 0.20833333333333334 0.39814814814814814
5683.jpg 0 0.494531 0.345833 0.245312 0.580556
5824.jpg 0 0.422917 0.431641 0.604167 0.475781
5605.jpg 0 0.503704 0.344792 0.427778 0.350000
5884.jpg 0 0.479167 0.283705 0.783333 0.539273
GOPR0492_MP4-293_jpg.jpg 1 0.50859375 0.6185185185185185 0.1921875 0.5425925925925926
5872.jpg 0 0.529630 0.311458 0.490741 0.347917
5660.jpg 0 0.601852 0.391667 0.394444 0.316667
GOPR0492_MP4-279_jpg.jpg 1 0.5119791666666667 0.5962962962962963 0.184375 0.4703703703703704
GOPR0492_MP4-454_jpg.jpg 0 0.51640625 0.5638888888888889 0.16197916666666667 0.37962962962962965
GOPR0492_MP4-217_jpg.jpg 0 0.5322916666666667 0.5782407407407407 0.17291666666666666 0.4305555555555556
5623.jpg 0 0.534259 0.452083 0.862963 0.706250
5869.jpg 0 0.476004 0.456081 0.400670 0.807432
IMG_7198.jpg 0 0.573187 0.613990 0.514249 0.484456
IMG_7143.jpg 0 0.458333 0.562338 0.586788 0.531412
5783.jpg 0 0.445370 0.406250 0.492593 0.331250
IMG_7162.jpg 0 0.562392 0.595531 0.535838 0.538860
5741.jpg 0 0.600926 0.394271 0.414815 0.334375
5656.jpg 0 0.534722 0.486806 0.276852 0.540278
5686.jpg 0 0.482422 0.333333 0.224219 0.586111
IMG_7155.jpg 0 0.500648 0.580149 0.545337 0.543070
GOPR0492_MP4-483_jpg.jpg 0 0.49609375 0.5537037037037037 0.17447916666666666 0.38333333333333336
5597.jpg 0 0.487500 0.336111 0.246875 0.600000
5788.jpg 0 0.345424 0.466216 0.324777 0.746622
5664.jpg 0 0.445833 0.426172 0.688889 0.500781
GOPR0492_MP4-71_jpg.jpg 1 0.46380208333333334 0.5796296296296296 0.17135416666666667 0.43148148148148147
GOPR0492_MP4-331_jpg.jpg 0 0.47604166666666664 0.5925925925925926 0.171875 0.43333333333333335
GOPR0492_MP4-462_jpg.jpg 0 0.4921875 0.5736111111111111 0.19270833333333334 0.39351851851851855
5720.jpg 0 0.347098 0.493243 0.381696 0.760135
5859.jpg 0 0.553704 0.494792 0.827778 0.658333
GOPR0492_MP4-57_jpg.jpg 1 0.5078125 0.6342592592592593 0.21666666666666667 0.5611111111111111
5622.jpg 0 0.577778 0.427604 0.842593 0.692708
5875.jpg 0 0.501389 0.394922 0.622222 0.496094
IMG_7324.jpg 1 0.485751 0.717617 0.539724 0.564767
IMG_7243.jpg 0 0.502807 0.613180 0.565199 0.579987
5845.jpg 0 0.487891 0.345139 0.239844 0.590278
GOPR0492_MP4-188_jpg.jpg 0 0.5205729166666667 0.5657407407407408 0.17135416666666667 0.4425925925925926
GOPR0492_MP4-399_jpg.jpg 1 0.5 0.5842592592592593 0.16145833333333334 0.4111111111111111
IMG_7182.jpg 0 0.534974 0.602170 0.527634 0.504858
GOPR0492_MP4-250_jpg.jpg 1 0.46640625 0.6143518518518518 0.21822916666666667 0.5675925925925925
